0 0.000000 0.000000
600 800.000000 410.000000
1200 800.000000 380.000000
1800 800.000000 419.000000
2400 800.000000 341.000000
3000 800.000000 338.000000
3600 800.000000 354.000000
4200 800.000000 395.000000
4800 800.000000 408.000000
5400 800.000000 428.000000
6000 800.000000 453.000000
6600 800.000000 476.000000
7200 800.000000 488.000000
7800 800.000000 508.000000
8400 800.000000 565.000000
9000 800.000000 562.000000
9600 800.000000 582.000000
10200 800.000000 610.000000
10800 800.000000 633.000000
11400 800.000000 648.000000
12000 800.000000 669.000000
12600 800.000000 696.000000
13200 800.000000 716.000000
13800 800.000000 731.000000
14400 800.000000 726.000000
15000 800.000000 762.000000
15600 800.000000 754.000000
16200 800.000000 767.000000
16800 800.000000 771.000000
17400 800.000000 771.000000
18000 800.000000 777.000000
18600 800.000000 779.000000
19200 800.000000 778.000000
19800 800.000000 780.000000
20400 800.000000 767.000000
21000 800.000000 780.000000
21600 800.000000 777.000000
22200 800.000000 767.000000
22800 800.000000 773.000000
23400 800.000000 783.000000
24000 800.000000 772.000000
24600 800.000000 786.000000
25200 800.000000 772.000000
25800 800.000000 772.000000
26400 800.000000 787.000000
27000 800.000000 775.000000
27600 800.000000 780.000000
28200 800.000000 780.000000
28800 800.000000 783.000000
29400 800.000000 772.000000
30000 800.000000 776.000000
30600 800.000000 776.000000
31200 800.000000 784.000000
31800 800.000000 783.000000
32400 800.000000 780.000000
33000 800.000000 768.000000
33600 800.000000 774.000000
34200 800.000000 771.000000
34800 800.000000 775.000000
35400 800.000000 772.000000
36000 800.000000 770.000000
36600 800.000000 776.000000
37200 800.000000 783.000000
37800 800.000000 776.000000
38400 800.000000 774.000000
39000 800.000000 774.000000
39600 800.000000 774.000000
40200 800.000000 776.000000
40800 800.000000 772.000000
41400 800.000000 778.000000
42000 800.000000 775.000000
42600 800.000000 767.000000
43200 800.000000 772.000000
43800 800.000000 773.000000
44400 800.000000 771.000000
45000 800.000000 778.000000
45600 800.000000 778.000000
46200 800.000000 771.000000
46800 800.000000 778.000000
47400 800.000000 773.000000
48000 800.000000 776.000000
48600 800.000000 770.000000
49200 800.000000 772.000000
49800 800.000000 779.000000
50400 800.000000 776.000000
51000 800.000000 775.000000
51600 800.000000 774.000000
52200 800.000000 776.000000
52800 800.000000 776.000000
53400 800.000000 782.000000
54000 800.000000 774.000000
54600 800.000000 768.000000
55200 800.000000 777.000000
55800 800.000000 783.000000
56400 800.000000 778.000000
57000 800.000000 774.000000
57600 800.000000 770.000000
58200 800.000000 777.000000
58800 800.000000 776.000000
59400 800.000000 779.000000
60000 800.000000 774.000000
60600 800.000000 781.000000
61200 800.000000 774.000000
61800 800.000000 774.000000
62400 800.000000 771.000000
63000 800.000000 762.000000
63600 800.000000 770.000000
64200 800.000000 779.000000
64800 800.000000 780.000000
65400 800.000000 771.000000
66000 800.000000 784.000000
66600 800.000000 770.000000
67200 800.000000 770.000000
67800 800.000000 776.000000
68400 800.000000 780.000000
69000 800.000000 777.000000
69600 800.000000 773.000000
70200 800.000000 771.000000
70800 800.000000 773.000000
71400 800.000000 781.000000
72000 800.000000 777.000000
72600 800.000000 775.000000
73200 800.000000 778.000000
73800 800.000000 781.000000
74400 800.000000 776.000000
75000 800.000000 779.000000
75600 800.000000 768.000000
76200 800.000000 774.000000
76800 800.000000 780.000000
77400 800.000000 776.000000
78000 800.000000 778.000000
78600 800.000000 779.000000
79200 800.000000 774.000000
79800 800.000000 777.000000
80400 800.000000 779.000000
81000 800.000000 775.000000
81600 800.000000 777.000000
82200 800.000000 773.000000
82800 800.000000 771.000000
83400 800.000000 773.000000
84000 800.000000 779.000000
84600 800.000000 768.000000
85200 800.000000 775.000000
85800 800.000000 775.000000
