0 0 0 0 0 0 0 0 
600 0 800 410 359 31 0 0 
1200 0 800 380 387 33 0 0 
1800 0 800 419 346 35 0 0 
2400 0 800 341 300 27 0 132 
3000 0 800 338 296 24 0 142 
3600 0 800 354 270 32 0 144 
4200 0 800 395 257 23 0 125 
4800 0 800 408 237 32 0 123 
5400 0 800 428 217 21 0 134 
6000 0 800 453 190 27 0 130 
6600 0 800 476 170 27 0 127 
7200 0 800 488 179 29 0 104 
7800 0 800 508 158 16 0 118 
8400 0 800 565 113 19 0 103 
9000 0 800 562 118 13 0 107 
9600 0 800 582 111 11 0 96 
10200 0 800 610 117 12 0 61 
10800 0 800 633 93 12 0 62 
11400 0 800 648 72 6 0 74 
12000 0 800 669 60 6 0 65 
12600 0 800 696 51 3 0 50 
13200 0 800 716 36 3 0 45 
13800 0 800 731 28 1 0 40 
14400 0 800 726 26 4 0 44 
15000 0 800 762 22 1 0 15 
15600 0 800 754 30 1 0 15 
16200 0 800 767 20 0 0 13 
16800 0 800 771 20 0 0 9 
17400 0 800 771 26 0 0 3 
18000 0 800 777 23 0 0 0 
18600 0 800 779 19 0 0 2 
19200 0 800 778 21 1 0 0 
19800 0 800 780 20 0 0 0 
20400 0 800 767 32 1 0 0 
21000 0 800 780 20 0 0 0 
21600 0 800 777 23 0 0 0 
22200 0 800 767 33 0 0 0 
22800 0 800 773 27 0 0 0 
23400 0 800 783 17 0 0 0 
24000 0 800 772 28 0 0 0 
24600 0 800 786 14 0 0 0 
25200 0 800 772 28 0 0 0 
25800 0 800 772 28 0 0 0 
26400 0 800 787 13 0 0 0 
27000 0 800 775 25 0 0 0 
27600 0 800 780 20 0 0 0 
28200 0 800 780 20 0 0 0 
28800 0 800 783 17 0 0 0 
29400 0 800 772 28 0 0 0 
30000 0 800 776 24 0 0 0 
30600 0 800 776 24 0 0 0 
31200 0 800 784 16 0 0 0 
31800 0 800 783 17 0 0 0 
32400 0 800 780 20 0 0 0 
33000 0 800 768 32 0 0 0 
33600 0 800 774 26 0 0 0 
34200 0 800 771 29 0 0 0 
34800 0 800 775 25 0 0 0 
35400 0 800 772 28 0 0 0 
36000 0 800 770 30 0 0 0 
36600 0 800 776 24 0 0 0 
37200 0 800 783 17 0 0 0 
37800 0 800 776 24 0 0 0 
38400 0 800 774 26 0 0 0 
39000 0 800 774 26 0 0 0 
39600 0 800 774 26 0 0 0 
40200 0 800 776 24 0 0 0 
40800 0 800 772 28 0 0 0 
41400 0 800 778 22 0 0 0 
42000 0 800 775 25 0 0 0 
42600 0 800 767 33 0 0 0 
43200 0 800 772 28 0 0 0 
43800 0 800 773 27 0 0 0 
44400 0 800 771 29 0 0 0 
45000 0 800 778 22 0 0 0 
45600 0 800 778 21 1 0 0 
46200 0 800 771 29 0 0 0 
46800 0 800 778 22 0 0 0 
47400 0 800 773 27 0 0 0 
48000 0 800 776 24 0 0 0 
48600 0 800 770 30 0 0 0 
49200 0 800 772 27 1 0 0 
49800 0 800 779 20 1 0 0 
50400 0 800 776 24 0 0 0 
51000 0 800 775 25 0 0 0 
51600 0 800 774 26 0 0 0 
52200 0 800 776 24 0 0 0 
52800 0 800 776 24 0 0 0 
53400 0 800 782 18 0 0 0 
54000 0 800 774 26 0 0 0 
54600 0 800 768 32 0 0 0 
55200 0 800 777 23 0 0 0 
55800 0 800 783 17 0 0 0 
56400 0 800 778 22 0 0 0 
57000 0 800 774 26 0 0 0 
57600 0 800 770 30 0 0 0 
58200 0 800 777 23 0 0 0 
58800 0 800 776 24 0 0 0 
59400 0 800 779 21 0 0 0 
60000 0 800 774 26 0 0 0 
60600 0 800 781 19 0 0 0 
61200 0 800 774 25 1 0 0 
61800 0 800 774 26 0 0 0 
62400 0 800 771 29 0 0 0 
63000 0 800 762 38 0 0 0 
63600 0 800 770 30 0 0 0 
64200 0 800 779 21 0 0 0 
64800 0 800 780 20 0 0 0 
65400 0 800 771 29 0 0 0 
66000 0 800 784 16 0 0 0 
66600 0 800 770 30 0 0 0 
67200 0 800 770 30 0 0 0 
67800 0 800 776 23 1 0 0 
68400 0 800 780 20 0 0 0 
69000 0 800 777 23 0 0 0 
69600 0 800 773 27 0 0 0 
70200 0 800 771 29 0 0 0 
70800 0 800 773 27 0 0 0 
71400 0 800 781 19 0 0 0 
72000 0 800 777 23 0 0 0 
72600 0 800 775 25 0 0 0 
73200 0 800 778 22 0 0 0 
73800 0 800 781 19 0 0 0 
74400 0 800 776 24 0 0 0 
75000 0 800 779 21 0 0 0 
75600 0 800 768 32 0 0 0 
76200 0 800 774 26 0 0 0 
76800 0 800 780 20 0 0 0 
77400 0 800 776 24 0 0 0 
78000 0 800 778 22 0 0 0 
78600 0 800 779 21 0 0 0 
79200 0 800 774 26 0 0 0 
79800 0 800 777 23 0 0 0 
80400 0 800 779 21 0 0 0 
81000 0 800 775 25 0 0 0 
81600 0 800 777 23 0 0 0 
82200 0 800 773 27 0 0 0 
82800 0 800 771 29 0 0 0 
83400 0 800 773 27 0 0 0 
84000 0 800 779 21 0 0 0 
84600 0 800 768 32 0 0 0 
85200 0 800 775 25 0 0 0 
85800 0 800 775 25 0 0 0 
